time	flux	flux_err
1354.136474609375	1.0002206165447907	0.0010002206165447907
1354.1572875976562	0.9999352177018046	0.0009999352177018047
1354.1781616210938	0.9999479364591823	0.0009999479364591823
1354.198974609375	1.0001205305913534	0.0010001205305913534
1354.2197875976562	1.000174495860894	0.001000174495860894
1354.2406616210938	1.0001794881426092	0.0010001794881426091
1354.261474609375	0.9997647636933027	0.0009997647636933028
1354.2822875976562	0.999989064310295	0.0009999890643102951
1354.3031616210938	0.999722328706469	0.0009997223287064691
1354.323974609375	1.0000010697947148	0.0010000010697947149
1354.3447875976562	1.0000558670307613	0.0010000558670307613
1354.3656616210938	1.0000479030243092	0.0010000479030243092
1354.386474609375	0.9996294942983487	0.0009996294942983487
1354.4072875976562	1.0000256750823089	0.001000025675082309
1354.4281616210938	0.9999844285380441	0.0009999844285380442
1354.448974609375	1.0002378511097223	0.0010002378511097224
1354.4697875976562	1.0000450502601623	0.0010000450502601623
1354.4906616210938	1.0002396341015491	0.0010002396341015493
1354.511474609375	0.9999802682237812	0.0009999802682237812
1354.5322875976562	1.0001555957534365	0.0010001555957534366
1354.5531616210938	0.99992142949349	0.00099992142949349
1354.573974609375	0.9997099666628074	0.0009997099666628074
1354.5947875976562	1.000389048816652	0.001000389048816652
1354.6156616210938	0.9999645778957036	0.0009999645778957036
1354.636474609375	1.0000003565983655	0.0010000003565983654
1354.6572875976562	0.9999544742753506	0.0009999544742753505
1354.6781616210938	0.9998101708034851	0.0009998101708034851
1354.698974609375	1.000181033017427	0.001000181033017427
1354.7197875976562	0.999768330148913	0.000999768330148913
1354.7406616210938	0.9999271351799315	0.0009999271351799315
1354.761474609375	0.9996416193669607	0.0009996416193669608
1354.7822875976562	0.9997633381703794	0.0009997633381703794
1354.8031616210938	0.9999759891318728	0.0009999759891318727
1354.823974609375	1.0000501612470134	0.0010000501612470135
1354.8447875976562	0.999890287221635	0.000999890287221635
1354.8656616210938	1.0001034127761375	0.0010001034127761375
1354.886474609375	0.9997850919165914	0.0009997850919165913
1354.9072875976562	0.9997282748555703	0.0009997282748555702
1354.9281616210938	1.0002042095456194	0.0010002042095456193
1354.948974609375	0.999890288069297	0.000999890288069297
1354.9697875976562	0.9999028878791236	0.0009999028878791237
1354.9906616210938	1.0004728415076394	0.0010004728415076395
1355.011474609375	1.0000589565101834	0.0010000589565101834
1355.0322875976562	0.999937121114599	0.000999937121114599
1355.0531616210938	1.0001659333585007	0.0010001659333585006
1355.073974609375	1.0000916435140996	0.0010000916435140997
1355.0947875976562	0.9999869250762892	0.0009999869250762892
1355.1156616210938	1.0000278138658065	0.0010000278138658065
1355.136474609375	0.9999604188000002	0.0009999604188000001
1355.1572875976562	1.000136572725868	0.001000136572725868
1355.1781616210938	1.0000555085522396	0.0010000555085522395
1355.198974609375	0.9998902906122046	0.0009998902906122047
1355.2197875976562	1.0001269440989535	0.0010001269440989536
1355.2406616210938	0.9998610511852251	0.000999861051185225
1355.261474609375	1.0001123237052703	0.0010001123237052703
1355.2822875976562	0.9998245615494781	0.000999824561549478
1355.3031616210938	0.9999082396514057	0.0009999082396514058
1355.323974609375	1.000078566733585	0.001000078566733585
1355.3447875976562	0.999908953009531	0.000999908953009531
1355.3656616210938	1.0002225060336338	0.0010002225060336339
1355.386474609375	0.9999956021861176	0.0009999956021861176
1355.4072875976562	0.9998011478984198	0.0009998011478984199
1355.4281616210938	0.9998911248702651	0.000999891124870265
1355.448974609375	1.0000208003375597	0.0010000208003375598
1355.4697875976562	0.999859152234327	0.000999859152234327
1355.4906616210938	0.9999479399060113	0.0009999479399060113
1355.511474609375	0.9998661654010225	0.0009998661654010224
1355.5323486328125	0.9996839559820453	0.0009996839559820454
1355.5531616210938	1.000015570403302	0.001000015570403302
1355.5740356445312	1.0001416785821682	0.0010001416785821683
1355.5948486328125	1.000377729685322	0.0010003777296853221
1355.6156616210938	0.9996782527376449	0.000999678252737645
1355.6365356445312	0.9999564982105432	0.0009999564982105433
1355.6573486328125	0.9999797942796179	0.000999979794279618
1355.6781616210938	1.000078802215828	0.001000078802215828
1355.6990356445312	1.0001798304625436	0.0010001798304625435
1355.7198486328125	1.0002923878603414	0.0010002923878603413
1355.7406616210938	0.9998673559245844	0.0009998673559245845
1355.7615356445312	1.0000526534485512	0.0010000526534485513
1355.7823486328125	1.0001684195212608	0.001000168419521261
1355.8031616210938	1.000043620278699	0.001000043620278699
1355.8240356445312	0.9999374815847015	0.0009999374815847016
1355.8448486328125	0.9997691811147363	0.0009997691811147365
1355.8656616210938	0.9999102635340122	0.0009999102635340122
1355.8865356445312	0.9998876809139564	0.0009998876809139564
1355.9073486328125	1.000377962459057	0.0010003779624590569
1355.9281616210938	1.000105663052293	0.001000105663052293
1355.9490356445312	0.9999519821563791	0.0009999519821563792
1355.9698486328125	1.0001762634571743	0.0010001762634571742
1355.9906616210938	0.9999204853791154	0.0009999204853791154
1356.0115356445312	0.9998737750564536	0.0009998737750564536
1356.0323486328125	1.0002437733210008	0.0010002437733210008
1356.0531616210938	1.0000049919427667	0.0010000049919427667
1356.0740356445312	1.0000383904124284	0.0010000383904124285
1356.0948486328125	1.0000505136825522	0.0010000505136825522
1356.1156616210938	1.0002440107136512	0.0010002440107136513
1356.1365356445312	1.0003483658361867	0.0010003483658361867
1356.1573486328125	1.0004334661028795	0.0010004334661028796
1356.1781616210938	1.0001186177161383	0.0010001186177161384
1356.1990356445312	1.0005772803972242	0.0010005772803972242
1356.2198486328125	0.9998785299412998	0.0009998785299412999
1356.2406616210938	0.9997715605209514	0.0009997715605209515
1356.2615356445312	1.0003718970839892	0.0010003718970839892
1356.2823486328125	1.0000627552925117	0.0010000627552925116
1356.3031616210938	1.000089140892172	0.0010000891408921719
1356.3240356445312	0.9990690715385442	0.0009990690715385442
1356.3448486328125	1.0000247217025646	0.0010000247217025646
1356.3656616210938	1.0002246343541044	0.0010002246343541045
1356.3865356445312	1.0002279619453307	0.0010002279619453307
1356.4073486328125	1.000264330856658	0.0010002643308566579
1356.4281616210938	0.99980068248125	0.00099980068248125
1356.4490356445312	1.0000147378294648	0.0010000147378294649
1356.4698486328125	1.0000060615179895	0.0010000060615179896
1356.4906616210938	1.0001523697235892	0.0010001523697235892
1356.5115356445312	1.0001258652941842	0.0010001258652941843
1356.5323486328125	0.9997609870770193	0.0009997609870770194
1356.5531616210938	1.0001199222894057	0.0010001199222894057
1356.5740356445312	0.9999216762099272	0.0009999216762099272
1356.5948486328125	0.9995796188972538	0.0009995796188972538
1356.6156616210938	1.0002068031337568	0.0010002068031337568
1356.6573486328125	0.9999701680536937	0.0009999701680536938
1356.6781616210938	1.0000362499745954	0.0010000362499745954
1356.6990356445312	1.0001106515617975	0.0010001106515617974
1356.7198486328125	0.9998504837113413	0.0009998504837113414
1356.7406616210938	0.9996076684476293	0.0009996076684476293
1356.7615356445312	1.0003980364643712	0.0010003980364643712
1356.7823486328125	0.9999838360826652	0.0009999838360826652
1356.8031616210938	0.9995723693046259	0.000999572369304626
1356.8240356445312	0.999692053604304	0.000999692053604304
1356.8448486328125	0.9999070574863709	0.0009999070574863709
1356.8656616210938	0.9998470370651654	0.0009998470370651655
1356.8865356445312	1.0001091064160752	0.0010001091064160753
1356.9073486328125	0.9997506478935512	0.0009997506478935513
1356.9281616210938	0.9996824267540246	0.0009996824267540247
1356.9490356445312	0.9998428773460392	0.0009998428773460393
1356.9698486328125	0.9998696190987935	0.0009998696190987935
1356.9906616210938	0.9998721149957172	0.0009998721149957171
1357.0115356445312	0.9999662459654123	0.0009999662459654122
1357.0323486328125	1.0001086309035667	0.0010001086309035668
1357.0531616210938	0.99977239818741	0.00099977239818741
1357.0740356445312	1.0001182578608496	0.0010001182578608496
1357.0948486328125	1.000118020072445	0.0010001180200724452
1357.1156616210938	0.9998128081756832	0.0009998128081756832
1357.1365356445312	0.9997439930476404	0.0009997439930476404
1357.1573486328125	1.0000286433136107	0.0010000286433136107
1357.1781616210938	1.0002022861183826	0.0010002022861183826
1357.1990356445312	1.0000038032674345	0.0010000038032674345
1357.2198486328125	1.000118257959236	0.0010001182579592361
1357.2406616210938	0.9998759181049984	0.0009998759181049984
1357.2615356445312	0.9999156146928845	0.0009999156146928846
1357.2823486328125	1.000419193674371	0.001000419193674371
1357.3031616210938	0.9997464867376195	0.0009997464867376195
1357.3240356445312	1.0002558908072445	0.0010002558908072446
1357.3448486328125	0.9998542857750707	0.0009998542857750708
1357.3656616210938	0.9997778626392414	0.0009997778626392414
1357.3865356445312	0.9999900162794073	0.0009999900162794074
1357.4073486328125	1.0001564119014719	0.0010001564119014718
1357.4281616210938	1.0002732458661312	0.0010002732458661311
1357.4490356445312	1.0002467417842473	0.0010002467417842473
1357.4698486328125	1.0001250350621134	0.0010001250350621133
1357.4906616210938	0.9999236952239866	0.0009999236952239867
1357.5115356445312	1.0000678662148907	0.0010000678662148907
1357.5323486328125	1.0001685368151914	0.0010001685368151913
1357.5531616210938	0.999321096994107	0.000999321096994107
1357.5740356445312	1.0002907214110377	0.0010002907214110377
1357.5948486328125	0.9999805076126687	0.0009999805076126686
1357.6156616210938	1.0002312941729081	0.0010002312941729081
1357.6365356445312	0.9997944973302482	0.0009997944973302482
1357.6573486328125	0.9999620847717943	0.0009999620847717943
1357.6781616210938	0.99987175369864	0.00099987175369864
1357.6990356445312	1.0000405301293374	0.0010000405301293373
1357.7198486328125	0.9997488559156793	0.0009997488559156792
1357.7406616210938	0.9999941760245472	0.0009999941760245473
1357.7615356445312	0.9998806680308229	0.0009998806680308228
1357.7823486328125	1.0001881497286746	0.0010001881497286747
1357.8031616210938	0.9998214778543397	0.0009998214778543398
1357.8240356445312	0.9997238973335472	0.0009997238973335472
1357.8448486328125	0.9999711180213919	0.000999971118021392
1357.8656616210938	0.999941760736943	0.000999941760736943
1357.8865356445312	1.0001751929202092	0.0010001751929202092
1357.9073486328125	0.9997696586205261	0.0009997696586205261
1357.9281616210938	1.0002072830516628	0.0010002072830516628
1357.9490356445312	1.0000903295662338	0.0010000903295662338
1357.9698486328125	1.0001098214355753	0.0010001098214355753
1357.9906616210938	1.0003186476124666	0.0010003186476124665
1358.0115356445312	1.0000394594202056	0.0010000394594202055
1358.0323486328125	1.0000963901130129	0.0010000963901130129
1358.0531616210938	1.000066320051297	0.0010000663200512969
1358.0740356445312	1.0003282716663162	0.0010003282716663162
1358.0948486328125	1.000187905941013	0.001000187905941013
1358.1156616210938	0.9995021281673515	0.0009995021281673515
1358.1365356445312	1.0000076065240207	0.0010000076065240207
1358.1573486328125	1.0000490857336415	0.0010000490857336416
1358.1781616210938	0.9998074606158907	0.0009998074606158906
1358.1990356445312	0.9996024422525087	0.0009996024422525087
1358.2198486328125	0.9997595639871778	0.0009997595639871777
1358.2406616210938	0.9999781314123839	0.000999978131412384
1358.2615356445312	1.000052532094495	0.0010000525320944952
1358.2823486328125	0.9999764675288743	0.0009999764675288742
1358.3031616210938	0.9997987854867881	0.0009997987854867881
1358.3240356445312	1.0000382699782955	0.0010000382699782955
1358.3448486328125	1.0000921094198105	0.0010000921094198106
1358.3656616210938	0.9998104328038961	0.000999810432803896
1358.3865356445312	0.9995986402020371	0.0009995986402020372
1358.4073486328125	0.9999181116182618	0.0009999181116182618
1358.4281616210938	1.0001239617902935	0.0010001239617902936
1358.4490356445312	0.9996913432049629	0.000999691343204963
1358.4698486328125	0.9995906758721017	0.0009995906758721016
1358.4906616210938	0.9999414062453573	0.0009999414062453573
1358.5115356445312	1.0000275735479822	0.0010000275735479822
1358.5324096679688	0.999868074725328	0.000999868074725328
1358.55322265625	1.000103638791239	0.001000103638791239
1358.5740356445312	0.9997677633134969	0.000999767763313497
1358.5949096679688	0.9999906106812889	0.000999990610681289
1358.61572265625	0.9999083649599017	0.0009999083649599016
1358.6365356445312	1.0001215858936592	0.0010001215858936592
1358.6574096679688	1.00018006137062	0.00100018006137062
1358.67822265625	1.0001246763051315	0.0010001246763051315
1358.6990356445312	0.9995256589845846	0.0009995256589845846
1358.7199096679688	0.9997061961939095	0.0009997061961939096
1358.74072265625	0.999854762034368	0.000999854762034368
1358.7615356445312	0.9996701839909805	0.0009996701839909805
1358.7824096679688	0.9995800937081565	0.0009995800937081566
1358.80322265625	0.9995829461709371	0.0009995829461709371
1358.8240356445312	1.000184578112435	0.001000184578112435
1358.8449096679688	1.0000386271001553	0.0010000386271001554
1358.86572265625	1.0000734509078735	0.0010000734509078735
1358.8865356445312	0.9999601843784182	0.0009999601843784182
1358.9074096679688	0.9998845941237134	0.0009998845941237135
1358.92822265625	1.0002611191970507	0.0010002611191970508
1358.9490356445312	1.0000503935211047	0.0010000503935211047
1358.9699096679688	1.0002442422126847	0.0010002442422126848
1358.99072265625	1.0001331149930506	0.0010001331149930505
1359.0115356445312	1.0001252708506734	0.0010001252708506734
1359.0324096679688	1.0002872672846777	0.0010002872672846778
1359.05322265625	1.0002146483599903	0.0010002146483599904
1359.0740356445312	1.0003226856958125	0.0010003226856958125
1359.0949096679688	1.0003437227455318	0.001000343722745532
1359.11572265625	1.0001860052060063	0.0010001860052060063
1359.1574096679688	0.9999564996634073	0.0009999564996634072
1359.17822265625	1.0002536336828383	0.0010002536336828382
1359.1990356445312	1.0001490428099917	0.0010001490428099918
1359.2199096679688	0.9999297571689881	0.0009999297571689882
1359.24072265625	0.9999472286231947	0.0009999472286231948
1359.2615356445312	1.0001299081324868	0.0010001299081324867
1359.2824096679688	1.0003824747183974	0.0010003824747183974
1359.30322265625	0.9999856185514506	0.0009999856185514506
1359.3240356445312	0.9999116906696498	0.0009999116906696498
1359.3449096679688	1.0000517020247106	0.0010000517020247106
1359.36572265625	1.0001029287508407	0.0010001029287508407
1359.3865356445312	1.0002949993801684	0.0010002949993801683
1359.4074096679688	1.0000146192453212	0.0010000146192453213
1359.42822265625	1.0001585536672666	0.0010001585536672667
1359.4490356445312	0.9997867723502453	0.0009997867723502453
1359.4699096679688	0.9998200518569187	0.0009998200518569187
1359.49072265625	0.9999589945657696	0.0009999589945657696
1359.5115356445312	1.0002806203313888	0.0010002806203313888
1359.5324096679688	1.0002995191291695	0.0010002995191291694
1359.55322265625	0.9999746834480145	0.0009999746834480146
1359.5740356445312	1.00019635208258	0.0010001963520825802
1359.5949096679688	0.999672904733147	0.000999672904733147
1359.61572265625	1.0002100208844198	0.00100021002088442
1359.6365356445312	0.9998510717780544	0.0009998510717780544
1359.6574096679688	0.9999638673790181	0.0009999638673790182
1359.67822265625	0.9999515062192085	0.0009999515062192085
1359.6990356445312	0.9997162876109087	0.0009997162876109087
1359.7199096679688	1.0000959178686313	0.0010000959178686313
1359.74072265625	1.0004684167537494	0.0010004684167537494
1359.7615356445312	0.9998585597555912	0.0009998585597555912
1359.7824096679688	0.9996787285495147	0.0009996787285495147
1359.80322265625	0.9999500799018713	0.0009999500799018715
1359.8240356445312	0.9999833599692682	0.0009999833599692682
1359.8449096679688	0.9999203655672123	0.0009999203655672124
1359.86572265625	1.0001268208659428	0.0010001268208659428
1359.8865356445312	1.0000468298620004	0.0010000468298620004
1359.9074096679688	0.9999625598730031	0.000999962559873003
1359.92822265625	0.9995743708747493	0.0009995743708747493
1359.9490356445312	1.0001571298626017	0.0010001571298626018
1359.9699096679688	0.9999381939658769	0.000999938193965877
1359.99072265625	1.0001664009204347	0.0010001664009204347
1360.0115356445312	1.0002948862726697	0.0010002948862726697
1360.0324096679688	1.0000602609548948	0.0010000602609548947
1360.05322265625	0.9998622435310918	0.0009998622435310918
1360.0740356445312	1.0000169967220098	0.0010000169967220099
1360.0949096679688	0.9997770217330119	0.000999777021733012
1360.11572265625	1.0000698888185378	0.0010000698888185378
1360.1365356445312	1.0001584386530409	0.0010001584386530409
1360.1574096679688	1.0000840332139198	0.00100008403321392
1360.17822265625	1.0003060620006732	0.0010003060620006731
1360.1990356445312	0.9999737321170392	0.0009999737321170392
1360.2199096679688	0.9999818145166275	0.0009999818145166276
1360.24072265625	0.9995349026278892	0.0009995349026278894
1360.2615356445312	0.9999311802211718	0.0009999311802211719
1360.2824096679688	0.9998471461981242	0.0009998471461981242
1360.30322265625	1.0000821322238471	0.0010000821322238471
1360.3240356445312	1.0000815379531833	0.0010000815379531834
1360.3449096679688	0.9999828841573621	0.000999982884157362
1360.36572265625	0.9996084750996582	0.0009996084750996583
1360.3865356445312	0.9999839538879908	0.0009999839538879908
1360.4074096679688	0.9996015807450345	0.0009996015807450344
1360.42822265625	0.999963391040385	0.000999963391040385
1360.4490356445312	1.0000519419638294	0.0010000519419638295
1360.4699096679688	1.0002720714874074	0.0010002720714874073
1360.49072265625	1.000129320237916	0.001000129320237916
1360.5115356445312	0.9998736511697786	0.0009998736511697786
1360.5324096679688	0.9998665193902871	0.0009998665193902872
1360.55322265625	0.9999423525005524	0.0009999423525005524
1360.5740356445312	1.0000553891898845	0.0010000553891898844
1360.5949096679688	0.9999238100943424	0.0009999238100943425
1360.61572265625	0.9999443730023162	0.0009999443730023163
1360.6365356445312	0.99985296870682	0.00099985296870682
1360.6574096679688	0.9998123180233652	0.0009998123180233653
1360.67822265625	0.9998579606404775	0.0009998579606404776
1360.6990356445312	0.9999651735882674	0.0009999651735882675
1360.7199096679688	0.9999730184230683	0.0009999730184230683
1360.74072265625	0.9997486075652363	0.0009997486075652364
1360.7615356445312	1.0000683455178534	0.0010000683455178535
1360.7824096679688	1.0000735755057037	0.0010000735755057038
1360.80322265625	0.999991441934237	0.000999991441934237
1360.8240356445312	0.9999854988243945	0.0009999854988243944
1360.8449096679688	1.000190654959216	0.0010001906549592162
1360.86572265625	1.0003696616870503	0.0010003696616870503
1360.8865356445312	1.0002442621861574	0.0010002442621861573
1360.9074096679688	1.0000551521825822	0.0010000551521825822
1360.92822265625	1.0000515863516302	0.00100005158635163
1360.9490356445312	0.9997352928870691	0.000999735292887069
1360.9699096679688	1.0000058242751986	0.0010000058242751987
1360.99072265625	1.0003055964443837	0.0010003055964443836
1361.0115356445312	1.0002669662965153	0.0010002669662965153
1361.0324096679688	0.9996020462524953	0.0009996020462524954
1361.05322265625	1.0001931528560593	0.0010001931528560593
1361.0740356445312	1.0002729105818464	0.0010002729105818464
1361.0949096679688	0.9999707595318578	0.0009999707595318577
1361.11572265625	1.0000325687057054	0.0010000325687057054
1361.1365356445312	0.9999516223164947	0.0009999516223164948
1361.1574096679688	0.9951145044582165	0.0009951145044582166
1361.17822265625	1.0002686333480488	0.0010002686333480488
1361.1990356445312	1.0006881641568153	0.0010006881641568153
1361.2199096679688	0.9999780100576053	0.0009999780100576055
1361.24072265625	0.9997426577522837	0.0009997426577522837
1361.2615356445312	1.0001766333983326	0.0010001766333983327
1361.2824096679688	1.0004191187072315	0.0010004191187072315
1361.30322265625	1.000271964037986	0.001000271964037986
1361.3240356445312	1.0001728305809805	0.0010001728305809804
1361.3449096679688	1.0000971133444672	0.0010000971133444672
1361.36572265625	1.0003198684295922	0.0010003198684295923
1361.3865356445312	1.0001684334547591	0.0010001684334547591
1361.4074096679688	0.9999077596263409	0.000999907759626341
1361.42822265625	1.00003934486871	0.0010000393448687099
1361.4490356445312	1.0003870306688523	0.0010003870306688524
1361.4699096679688	1.000028528123559	0.001000028528123559
1361.49072265625	1.0005035223983072	0.0010005035223983071
1361.5115356445312	1.0001918526115492	0.0010001918526115492
1361.5324096679688	1.00043291772281	0.00100043291772281
1361.55322265625	1.0003329504581366	0.0010003329504581367
1361.5740356445312	1.0000758382534094	0.0010000758382534094
1361.5949096679688	1.0000196133903587	0.0010000196133903587
1361.61572265625	1.0003268909273146	0.0010003268909273147
1361.6574096679688	0.9996244903160344	0.0009996244903160345
1361.67822265625	0.9996170003807411	0.0009996170003807412
1361.6990356445312	0.9999681426978904	0.0009999681426978903
1361.7199096679688	1.000055869381665	0.001000055869381665
1361.74072265625	0.999941515219416	0.000999941515219416
1361.7615356445312	1.0003074031011576	0.0010003074031011577
1361.7824096679688	1.0000274595723178	0.0010000274595723178
1361.80322265625	1.0000808337574134	0.0010000808337574133
1361.8240356445312	1.0000438644145004	0.0010000438644145004
1361.8449096679688	0.9999541144917133	0.0009999541144917134
1361.8657836914062	0.9999551841266694	0.0009999551841266695
1361.8865966796875	1.0001453848800201	0.0010001453848800202
1361.9074096679688	0.9998674529776065	0.0009998674529776066
1361.9282836914062	0.9999108423649027	0.0009999108423649028
1361.9490966796875	1.0000184259988705	0.0010000184259988706
1361.9699096679688	0.9998168092329097	0.0009998168092329098
1361.9907836914062	1.0000948648740218	0.0010000948648740218
1362.0115966796875	1.000187352939533	0.001000187352939533
1362.0324096679688	0.9999662382851902	0.0009999662382851901
1362.0532836914062	1.0001144812341718	0.0010001144812341717
1362.0740966796875	0.9999369934436328	0.0009999369934436328
1362.0949096679688	0.9998333291328788	0.0009998333291328788
1362.1157836914062	0.9998585312716624	0.0009998585312716625
1362.1365966796875	0.9999522095362186	0.0009999522095362186
1362.1574096679688	0.9998408168627132	0.0009998408168627132
1362.1782836914062	0.9999457895994494	0.0009999457895994493
1362.1990966796875	0.9998530608984113	0.0009998530608984113
1362.2199096679688	1.0002233814386075	0.0010002233814386074
1362.2407836914062	0.9998372484841165	0.0009998372484841165
1362.2615966796875	1.0001299400397452	0.0010001299400397453
1362.2824096679688	0.9998638776929777	0.0009998638776929777
1362.3032836914062	1.0003056517759605	0.0010003056517759606
1362.3240966796875	0.9998213163527992	0.0009998213163527993
1362.3449096679688	0.9996898292527274	0.0009996898292527275
1362.3657836914062	1.0000494562311166	0.0010000494562311167
1362.3865966796875	0.9998346303340039	0.000999834630334004
1362.4074096679688	0.9996001872212797	0.0009996001872212797
1362.4282836914062	0.9998233352707803	0.0009998233352707803
1362.4490966796875	0.999527069954652	0.000999527069954652
1362.4699096679688	0.9999277169137547	0.0009999277169137548
1362.4907836914062	0.9995960222337569	0.0009995960222337569
1362.5115966796875	0.9996920825019164	0.0009996920825019165
1362.5324096679688	0.9998027661482987	0.0009998027661482986
1362.5532836914062	0.9995525081833104	0.0009995525081833104
1362.5740966796875	0.9996786472320566	0.0009996786472320565
1362.5949096679688	0.9999526827400308	0.0009999526827400309
1362.6157836914062	1.000127447630556	0.001000127447630556
1362.6365966796875	1.0000517162421338	0.0010000517162421338
1362.6574096679688	0.999865062138588	0.000999865062138588
1362.6782836914062	0.9997657905330394	0.0009997657905330393
1362.6990966796875	0.9996713932225922	0.0009996713932225922
1362.7199096679688	0.9995106561867515	0.0009995106561867515
1362.7407836914062	1.0000286520824	0.0010000286520824
1362.7615966796875	0.9999491157736228	0.0009999491157736229
1362.7824096679688	0.999513865185507	0.000999513865185507
1362.8032836914062	0.9997761329953097	0.0009997761329953096
1362.8240966796875	0.9999440035267079	0.0009999440035267078
1362.8449096679688	1.0001167484857174	0.0010001167484857175
1362.8657836914062	1.0002111459375094	0.0010002111459375095
1362.8865966796875	0.9995935202925988	0.000999593520292599
1362.9074096679688	0.9992540338487976	0.0009992540338487977
1362.9282836914062	0.9996773365547367	0.0009996773365547368
1362.9490966796875	0.9999279535307407	0.0009999279535307408
1362.9699096679688	0.9995501254631604	0.0009995501254631604
1362.9907836914062	0.9999883489083462	0.0009999883489083463
1363.0115966796875	1.0003309864287242	0.0010003309864287243
1363.0324096679688	0.9999663544446313	0.0009999663544446313
1363.0532836914062	0.9997061063887739	0.0009997061063887738
1363.0740966796875	1.0000556400923006	0.0010000556400923007
1363.0949096679688	0.999992509984013	0.000999992509984013
1363.1157836914062	0.999928547591287	0.000999928547591287
1363.1365966796875	1.0000655079799063	0.0010000655079799065
1363.1574096679688	0.9997747047532541	0.0009997747047532542
1363.1782836914062	0.9998871739890034	0.0009998871739890034
1363.1990966796875	1.0002244631549913	0.0010002244631549912
1363.2199096679688	1.0002308832914684	0.0010002308832914684
1363.2407836914062	1.000126141740278	0.001000126141740278
1363.2615966796875	1.0001027205489843	0.0010001027205489843
1363.2824096679688	1.000019022339717	0.0010000190223397169
1363.3032836914062	0.9999705153524063	0.0009999705153524063
1363.3240966796875	1.0004302615976246	0.0010004302615976247
1363.3449096679688	0.9998240435040547	0.0009998240435040548
1363.3657836914062	1.0002000908077	0.0010002000908077
1363.3865966796875	0.9998519829118135	0.0009998519829118135
1363.4074096679688	1.000053856768815	0.001000053856768815
1363.4282836914062	1.000179046793392	0.001000179046793392
1363.4490966796875	1.0000496955080136	0.0010000496955080136
1363.4699096679688	1.0000721653664022	0.0010000721653664023
1363.4907836914062	0.9999050081961639	0.000999905008196164
1363.5115966796875	1.0000661018131989	0.001000066101813199
1363.5324096679688	1.000212096036705	0.001000212096036705
1363.5532836914062	0.9999775302298658	0.0009999775302298659
1363.5740966796875	1.000344297758593	0.001000344297758593
1363.5949096679688	0.9998381947623847	0.0009998381947623847
1363.6157836914062	0.9998795677898407	0.0009998795677898407
1363.6365966796875	1.0004045701807405	0.0010004045701807404
1363.6574096679688	0.9973189410849018	0.000997318941084902
1363.6782836914062	1.0004676974318607	0.0010004676974318606
1363.6990966796875	1.0001600199727751	0.001000160019972775
1363.7199096679688	0.9997646074734512	0.0009997646074734513
1363.7407836914062	1.000265469576806	0.001000265469576806
1363.7615966796875	1.0003741291421993	0.0010003741291421994
1363.7824096679688	1.000523327980773	0.001000523327980773
1363.8032836914062	1.000187479908621	0.0010001874799086211
1363.8240966796875	1.0000687147220342	0.0010000687147220342
1363.8449096679688	1.0002277803859452	0.0010002277803859451
1363.8657836914062	0.9999251037224283	0.0009999251037224282
1363.8865966796875	1.0000419655922563	0.0010000419655922565
1363.9074096679688	1.0002213590829505	0.0010002213590829506
1363.9282836914062	0.999936160279782	0.0009999361602797822
1363.9490966796875	1.000047077223647	0.001000047077223647
1363.9699096679688	1.0003602111907512	0.0010003602111907514
1363.9907836914062	1.0001760632239352	0.0010001760632239352
1364.0115966796875	1.0000892796747034	0.0010000892796747033
1364.0324096679688	0.9998080075246785	0.0009998080075246784
1364.0532836914062	1.0002358589259288	0.0010002358589259288
1364.0740966796875	1.0002898300559238	0.0010002898300559239
1364.0949096679688	1.0001210198526054	0.0010001210198526053
1364.1157836914062	1.0003369055545788	0.0010003369055545787
1364.1574096679688	1.0002068508035085	0.0010002068508035084
1364.1782836914062	0.9998889663324284	0.0009998889663324283
1364.1990966796875	0.9999411546247234	0.0009999411546247235
1364.2199096679688	0.9998874212037586	0.0009998874212037586
1364.2407836914062	0.9999661194341066	0.0009999661194341066
1364.2615966796875	1.0001230398474354	0.0010001230398474354
1364.2824096679688	0.9998020664029771	0.000999802066402977
1364.3032836914062	0.999523057415946	0.0009995230574159461
1364.3240966796875	0.99956632952988	0.00099956632952988
1364.3449096679688	0.9997387040935606	0.0009997387040935606
1364.3657836914062	1.0002895890249088	0.0010002895890249088
1364.3865966796875	0.999891463645433	0.000999891463645433
1364.4074096679688	0.9997804309924447	0.0009997804309924447
1364.4282836914062	0.999575959583135	0.0009995759595831351
1364.4490966796875	0.9999381830623018	0.0009999381830623018
1364.4699096679688	0.9996957893392887	0.0009996957893392887
1364.4907836914062	1.0001682135177572	0.0010001682135177571
1364.5115966796875	0.9997010195411964	0.0009997010195411963
1364.5324096679688	1.0001252985201579	0.001000125298520158
1364.5532836914062	1.000080124604459	0.0010000801246044591
1364.5740966796875	0.9998430792044639	0.000999843079204464
1364.5949096679688	0.9997658072943538	0.0009997658072943539
1364.6157836914062	0.9999511404368877	0.0009999511404368878
1364.6365966796875	1.0001717815566287	0.0010001717815566287
1364.6574096679688	0.9999067979484136	0.0009999067979484136
1364.6782836914062	0.9999423429609493	0.0009999423429609493
1364.6990966796875	0.9996991127213382	0.0009996991127213383
1364.7199096679688	1.0001826013705089	0.0010001826013705088
1364.7407836914062	1.000077510680306	0.001000077510680306
1364.7615966796875	0.9997716282112034	0.0009997716282112033
1364.7824096679688	1.000265939140238	0.001000265939140238
1364.8032836914062	1.000481235786871	0.001000481235786871
1364.8240966796875	1.0001097288081633	0.0010001097288081632
1364.8449096679688	0.999977649949225	0.000999977649949225
1364.8657836914062	1.0000026154420454	0.0010000026154420455
1364.8865966796875	1.000077036967996	0.0010000770369679962
1364.9074096679688	1.0001065206826074	0.0010001065206826074
1364.9282836914062	1.0000882127968473	0.0010000882127968473
1364.9490966796875	1.0003622445801221	0.001000362244580122
1364.9699096679688	1.00012328486031	0.0010001232848603102
1364.9907836914062	1.0000593243350562	0.0010000593243350562
1365.0115966796875	1.0000326938612223	0.0010000326938612223
1365.0324096679688	0.9999323533002852	0.0009999323533002851
1365.0532836914062	0.999893358176004	0.000999893358176004
1365.0740966796875	1.0002030596379499	0.0010002030596379498
1365.0949096679688	1.0002449082854137	0.0010002449082854136
1365.1157836914062	1.0001382662975602	0.0010001382662975602
1365.1365966796875	1.000026155287987	0.0010000261552879871
1365.1574096679688	1.000187723679779	0.001000187723679779
1365.1782836914062	0.9998141785013442	0.0009998141785013443
1365.1990966796875	0.99984057157409	0.00099984057157409
1365.2199096679688	1.0002186345080153	0.0010002186345080153
1365.2407836914062	0.999743321423162	0.000999743321423162
1365.2615966796875	0.9998217873574834	0.0009998217873574834
1365.2824096679688	1.0000693114802044	0.0010000693114802044
1365.3032836914062	1.0003023307765002	0.0010003023307765002
1365.3240966796875	1.00027581848243	0.0010002758184824302
1365.3449096679688	0.9998680353108975	0.0009998680353108975
1365.3657836914062	1.0001099704304373	0.0010001099704304373
1365.3865966796875	0.9999772926191977	0.0009999772926191977
1365.4074096679688	1.0000498135321372	0.0010000498135321373
1365.4282836914062	1.0001958062276843	0.0010001958062276844
1365.4490966796875	1.000490525697079	0.0010004905256970791
1365.4699096679688	1.0000417291662975	0.0010000417291662976
1365.4907836914062	1.0006805064851412	0.0010006805064851413
1365.5115966796875	0.9998869388717355	0.0009998869388717355
1365.5324096679688	1.0000052310140641	0.0010000052310140642
1365.5532836914062	0.9998269008450948	0.0009998269008450948
1365.5740966796875	0.9998782597902787	0.0009998782597902788
1365.5949096679688	1.0000962985569126	0.0010000962985569127
1365.6157836914062	0.9996578422543416	0.0009996578422543417
1365.6365966796875	1.000403147714583	0.001000403147714583
1365.6574096679688	0.9999041763421613	0.0009999041763421614
1365.6782836914062	0.9998436618554544	0.0009998436618554544
1365.6990966796875	0.9999161834334476	0.0009999161834334477
1365.7199096679688	0.999658074581828	0.000999658074581828
1365.7407836914062	0.9996000550221569	0.000999600055022157
1365.7615966796875	0.9999168957087512	0.0009999168957087513
1365.7824096679688	0.9997074095760649	0.000999707409576065
1365.8032836914062	1.0000740693888692	0.0010000740693888693
1365.8240966796875	0.9999898941729682	0.0009999898941729683
1365.8449096679688	0.9997679215232338	0.0009997679215232337
1365.8657836914062	0.9999023886600591	0.0009999023886600592
1365.8866577148438	0.9996770843810852	0.0009996770843810853
1365.907470703125	0.9999726542845268	0.0009999726542845267
1365.9282836914062	0.9996470007188393	0.0009996470007188393
1365.9491577148438	0.9998844334331225	0.0009998844334331224
1365.969970703125	0.9997702925215354	0.0009997702925215353
1365.9907836914062	0.9997165500526951	0.0009997165500526951
1366.0116577148438	1.000011414146122	0.001000011414146122
1366.032470703125	0.9996657780635554	0.0009996657780635555
1366.0532836914062	0.9980447767283841	0.000998044776728384
1366.0741577148438	0.9996680357418022	0.0009996680357418023
1366.094970703125	0.9998983414677994	0.0009998983414677995
1366.1157836914062	0.9999988110075023	0.0009999988110075022
1366.1366577148438	0.9999324650414443	0.0009999324650414444
1366.157470703125	1.0001116469796223	0.0010001116469796224
1366.1782836914062	1.0000104632173323	0.0010000104632173323
1366.1991577148438	1.0001716923743498	0.0010001716923743497
1366.219970703125	1.0004211469011994	0.0010004211469011994
1366.2407836914062	1.0006048502641864	0.0010006048502641865
1366.2616577148438	1.0003601528075214	0.0010003601528075215
1366.282470703125	1.0004056934051755	0.0010004056934051755
1366.3032836914062	1.0003389905477402	0.0010003389905477403
1366.3241577148438	1.0001832291467752	0.001000183229146775
1366.344970703125	1.0005953483638086	0.0010005953483638087
1366.3657836914062	1.0006681200666099	0.00100066812006661
1366.3866577148438	1.0004927394063703	0.0010004927394063703
1366.407470703125	1.000687506279648	0.001000687506279648
1366.4282836914062	1.0001164078603249	0.0010001164078603248
1366.4491577148438	1.0001253263508878	0.0010001253263508879
1366.469970703125	1.0002099881093935	0.0010002099881093935
1366.4907836914062	1.0002017845746929	0.001000201784574693
1366.5116577148438	1.0001649243191193	0.0010001649243191193
1366.532470703125	1.0004593409533435	0.0010004593409533437
1366.5532836914062	0.9998834697569536	0.0009998834697569536
1366.5741577148438	1.0003124930140925	0.0010003124930140926
1366.594970703125	1.0001170073514862	0.0010001170073514862
1366.6157836914062	0.9997115229802982	0.0009997115229802983
1366.657470703125	0.9997702637044478	0.0009997702637044477
1366.6782836914062	0.9999059408742671	0.000999905940874267
1366.6991577148438	1.0000752713782903	0.0010000752713782903
1366.719970703125	0.9998718122055946	0.0009998718122055947
1366.7407836914062	0.9997567035832711	0.0009997567035832712
1366.7616577148438	0.9999098633621323	0.0009999098633621322
1366.782470703125	1.0001660044918723	0.0010001660044918724
1366.8032836914062	1.0002324786601238	0.001000232478660124
1366.8241577148438	0.9995604885379192	0.0009995604885379194
1366.844970703125	1.0002277239590815	0.0010002277239590815
1366.8657836914062	0.9997228060353367	0.0009997228060353368
1366.8866577148438	0.9994242052141179	0.000999424205214118
1366.907470703125	0.9996782103453115	0.0009996782103453114
1366.9282836914062	0.9998732339412911	0.0009998732339412911
1366.9491577148438	0.9995508470404066	0.0009995508470404067
1366.969970703125	1.000039005214807	0.001000039005214807
1366.9907836914062	0.9999268649700211	0.0009999268649700211
1367.0116577148438	0.9998142482309582	0.0009998142482309583
1367.032470703125	0.9998846480326068	0.0009998846480326069
1367.0532836914062	1.0000405516547215	0.0010000405516547215
1367.0741577148438	0.9998997501125879	0.000999899750112588
1367.094970703125	0.9997480063784473	0.0009997480063784474
1367.1157836914062	0.999768578529891	0.000999768578529891
1367.1366577148438	1.0001801671737311	0.0010001801671737313
1368.6366577148438	1.0005091086567024	0.0010005091086567025
1368.657470703125	1.000079678574253	0.001000079678574253
1368.6782836914062	1.0000368663331414	0.0010000368663331414
1368.6991577148438	1.000160190639943	0.0010001601906399432
1368.719970703125	1.000103939954578	0.001000103939954578
1368.7407836914062	0.9997723779040548	0.0009997723779040547
1368.7616577148438	1.0004066058284133	0.0010004066058284134
1368.782470703125	1.0002097853196896	0.0010002097853196897
1368.8032836914062	0.999794019329835	0.000999794019329835
1368.8241577148438	0.999950407408491	0.000999950407408491
1368.844970703125	1.000272701022159	0.0010002727010221591
1368.8657836914062	0.9998691790162666	0.0009998691790162667
1368.8866577148438	1.0001722088255596	0.0010001722088255596
1368.907470703125	1.000132725112971	0.0010001327251129711
1368.9282836914062	1.0002439252677677	0.0010002439252677678
1368.9491577148438	0.9999666994518492	0.0009999666994518492
1368.969970703125	0.9998162515239528	0.0009998162515239529
1368.9907836914062	1.0001578220133998	0.0010001578220133998
1369.0116577148438	0.9998376580514827	0.0009998376580514828
1369.032470703125	1.000158774503455	0.001000158774503455
1369.0532836914062	1.0000831338833729	0.0010000831338833728
1369.0741577148438	0.9997623720266918	0.0009997623720266917
1369.094970703125	0.9999626549655397	0.0009999626549655398
1369.1157836914062	1.0000516171633491	0.0010000516171633491
1369.1366577148438	0.9997134883477531	0.000999713488347753
1369.157470703125	0.9999882255233309	0.000999988225523331
1369.1782836914062	0.9997703377462342	0.0009997703377462343
1369.1991577148438	0.9999902473788046	0.0009999902473788046
1369.219970703125	1.0000538772981997	0.0010000538772981997
1369.2407836914062	1.0001129877248947	0.0010001129877248948
1369.2616577148438	1.0001969554446584	0.0010001969554446584
1369.282470703125	1.0000504281996396	0.0010000504281996397
1369.3032836914062	0.9998725022877039	0.0009998725022877038
1369.3241577148438	0.9999402949145777	0.0009999402949145777
1369.344970703125	0.9999462416362334	0.0009999462416362334
1369.3657836914062	1.0001667460752233	0.0010001667460752233
1369.3866577148438	1.000231089603537	0.001000231089603537
1369.407470703125	1.000313035427951	0.001000313035427951
1369.4282836914062	1.0001161989411504	0.0010001161989411506
1369.4491577148438	1.0001001428045908	0.001000100142804591
1369.469970703125	0.9999906041719617	0.0009999906041719617
1369.4907836914062	0.9998428873335673	0.0009998428873335672
1369.5116577148438	1.0000537585427915	0.0010000537585427916
1369.532470703125	1.000150096057909	0.001000150096057909
1369.5532836914062	0.9996860105945259	0.000999686010594526
1369.5741577148438	0.999520689103967	0.000999520689103967
1369.594970703125	0.9998795177427072	0.0009998795177427072
1369.6157836914062	0.9997937641363445	0.0009997937641363444
1369.6366577148438	0.9995243711893349	0.000999524371189335
1369.657470703125	0.9998213560408598	0.0009998213560408597
1369.6782836914062	1.000003806010952	0.001000003806010952
1369.6991577148438	0.99969920494479	0.00099969920494479
1369.719970703125	0.999971454693782	0.000999971454693782
1369.7407836914062	1.0000461484152063	0.0010000461484152064
1369.7616577148438	0.999690519170149	0.000999690519170149
1369.782470703125	0.9999247109847387	0.0009999247109847387
1369.8032836914062	0.9998307479075125	0.0009998307479075126
1369.8241577148438	1.0002012475923436	0.0010002012475923436
1369.844970703125	0.9998651209415558	0.0009998651209415558
1369.8657836914062	1.000180909622144	0.001000180909622144
1369.8866577148438	1.0001164437484515	0.0010001164437484515
1369.907470703125	0.9998337194776222	0.0009998337194776223
1369.9282836914062	1.0002462096792994	0.0010002462096792995
1369.9491577148438	0.9999709781585665	0.0009999709781585665
1369.969970703125	1.0000294976338853	0.0010000294976338852
1369.9907836914062	0.9998683311261649	0.000999868331126165
1370.0116577148438	0.9999212603669886	0.0009999212603669886
1370.032470703125	0.9998943795530233	0.0009998943795530232
1370.0532836914062	0.9999923877236819	0.000999992387723682
1370.0741577148438	1.0000176033680477	0.0010000176033680478
1370.0950317382812	0.9999765685204852	0.0009999765685204853
1370.1158447265625	1.000284983679451	0.001000284983679451
1370.1366577148438	0.9996454359603345	0.0009996454359603346
1370.1575317382812	1.0000668449277368	0.001000066844927737
1370.1783447265625	0.9998017253816845	0.0009998017253816847
1370.1991577148438	0.999927089298957	0.000999927089298957
1370.2200317382812	1.0002791535901387	0.0010002791535901388
1370.2408447265625	0.9999224508573938	0.0009999224508573938
1370.2616577148438	1.0002281273669107	0.0010002281273669108
1370.2825317382812	1.0003209003669777	0.0010003209003669777
1370.3033447265625	1.0001056187007902	0.0010001056187007903
1370.3241577148438	1.0004287782140229	0.001000428778214023
1370.3450317382812	1.000414029178293	0.001000414029178293
1370.3658447265625	1.0000901562355229	0.001000090156235523
1370.3866577148438	1.0003150707660358	0.0010003150707660357
1370.4075317382812	1.0002115931393392	0.0010002115931393393
1370.4283447265625	1.000717977123095	0.001000717977123095
1370.4491577148438	1.0003694252879578	0.001000369425287958
1370.4700317382812	1.0006043294298324	0.0010006043294298324
1370.4908447265625	1.0003834592064345	0.0010003834592064345
1370.5116577148438	0.9997496338469348	0.0009997496338469349
1370.5325317382812	0.9995175854150942	0.0009995175854150941
1370.5533447265625	0.9997518949233372	0.0009997518949233372
1370.5741577148438	0.9997193071930625	0.0009997193071930625
1370.5950317382812	0.9996085781682243	0.0009996085781682244
1370.6158447265625	0.9996548463227634	0.0009996548463227634
1370.6366577148438	0.9994417147326415	0.0009994417147326416
1370.6575317382812	0.9991221325599786	0.0009991221325599787
1370.6783447265625	0.9998777344139328	0.0009998777344139328
1370.6991577148438	0.9994256640514103	0.0009994256640514104
1370.7200317382812	0.9995639875609196	0.0009995639875609195
1370.7408447265625	0.9995717205700909	0.0009995717205700909
1370.7616577148438	0.9993890421734543	0.0009993890421734542
1370.7825317382812	0.9993835748567046	0.0009993835748567045
1370.8033447265625	0.9995309348691649	0.000999530934869165
1370.8241577148438	0.9994292517798865	0.0009994292517798865
1370.8450317382812	0.9997911591334103	0.0009997911591334103
1370.8658447265625	0.9998565715559274	0.0009998565715559275
1370.8866577148438	0.9996452371511746	0.0009996452371511745
1370.9075317382812	0.9994020331586171	0.000999402033158617
1370.9283447265625	0.9993500663788565	0.0009993500663788566
1370.9491577148438	0.9998503914084234	0.0009998503914084233
1370.9700317382812	0.9999091413116618	0.0009999091413116618
1370.9908447265625	0.9996233667681051	0.000999623366768105
1371.0116577148438	0.9998698975365801	0.00099986989753658
1371.0325317382812	0.9999549281168872	0.0009999549281168873
1371.0533447265625	1.0006409932422187	0.0010006409932422186
1371.0741577148438	1.0004869863453547	0.0010004869863453547
1371.0950317382812	1.0002282106135416	0.0010002282106135417
1371.1575317382812	0.9998527756137432	0.0009998527756137432
1371.1783447265625	1.0000136758853233	0.0010000136758853233
1371.1991577148438	1.0000083244222375	0.0010000083244222375
1371.2200317382812	1.0001603040735192	0.0010001603040735191
1371.2408447265625	1.000245212062055	0.001000245212062055
1371.2616577148438	0.99999131890456	0.0009999913189045599
1371.2825317382812	1.0000493513097362	0.0010000493513097361
1371.3033447265625	0.999422056534525	0.000999422056534525
1371.3241577148438	1.0000179566348457	0.0010000179566348457
1371.3450317382812	1.0002732732029225	0.0010002732732029224
1371.3658447265625	1.0002076301832925	0.0010002076301832926
1371.3866577148438	1.0001069067593493	0.0010001069067593494
1371.4075317382812	1.000086452870818	0.001000086452870818
1371.4283447265625	1.0000844311363004	0.0010000844311363005
1371.4491577148438	0.9997507501279546	0.0009997507501279545
1371.4700317382812	0.999952195476265	0.000999952195476265
1371.4908447265625	1.0002460382373626	0.0010002460382373627
1371.5116577148438	0.9999256773204165	0.0009999256773204166
1371.5325317382812	1.0001479315447965	0.0010001479315447967
1371.5533447265625	1.0003641202429212	0.0010003641202429212
1371.5741577148438	1.0001107103394182	0.0010001107103394182
1371.5950317382812	1.000256499808606	0.0010002564998086061
1371.6158447265625	0.9995056716948945	0.0009995056716948945
1371.6366577148438	0.9998001050964401	0.0009998001050964401
1371.6575317382812	1.0001507826965679	0.001000150782696568
1371.6783447265625	1.0000670671351537	0.0010000670671351537
1371.6991577148438	1.0002880070967233	0.0010002880070967234
1371.7200317382812	0.9997926166287693	0.0009997926166287693
1371.7408447265625	1.0000893029565343	0.0010000893029565344
1371.7616577148438	1.0000168854501763	0.0010000168854501763
1371.7825317382812	1.000218083108928	0.001000218083108928
1371.8033447265625	0.9998827540200745	0.0009998827540200746
1371.8241577148438	1.0000173608984764	0.0010000173608984764
1371.8450317382812	1.0000239008549727	0.0010000239008549727
1371.8658447265625	0.9999319839196669	0.0009999319839196668
1371.8866577148438	0.9999082024663571	0.0009999082024663571
1371.9075317382812	1.0001409062998077	0.0010001409062998076
1371.9283447265625	0.9998911993341162	0.0009998911993341162
1371.9491577148438	0.9996677727037344	0.0009996677727037344
1371.9700317382812	0.9998800227540593	0.0009998800227540594
1371.9908447265625	1.0000363854719707	0.0010000363854719707
1372.0116577148438	1.0000755057098965	0.0010000755057098965
1372.0325317382812	0.9997310334593426	0.0009997310334593425
1372.0533447265625	1.000045184438717	0.001000045184438717
1372.0741577148438	1.0001334129371786	0.0010001334129371786
1372.0950317382812	1.0000583830163687	0.0010000583830163687
1372.1158447265625	0.9996313904996728	0.0009996313904996727
1372.1366577148438	1.0004034488515323	0.0010004034488515323
1372.1575317382812	1.000107847902828	0.001000107847902828
1372.1783447265625	1.0001650416956203	0.0010001650416956204
1372.1991577148438	0.9998303210261975	0.0009998303210261975
1372.2200317382812	1.0000643281807373	0.0010000643281807373
1372.2408447265625	0.9997774078478002	0.0009997774078478003
1372.2616577148438	0.9998980975393231	0.0009998980975393231
1372.2825317382812	1.0002562424769645	0.0010002562424769647
1372.3033447265625	1.0001165279013575	0.0010001165279013575
1372.3241577148438	1.0000197383996177	0.0010000197383996177
1372.3450317382812	1.0000757431358824	0.0010000757431358825
1372.3658447265625	0.9999139120402216	0.0009999139120402216
1372.3866577148438	0.9999835909728948	0.0009999835909728948
1372.4075317382812	0.9996980976824628	0.0009996980976824628
1372.4283447265625	1.0000009512479482	0.0010000009512479483
1372.4491577148438	0.9999275862413383	0.0009999275862413383
1372.4700317382812	0.999815933412604	0.000999815933412604
1372.4908447265625	1.0002121284942194	0.0010002121284942195
1372.5116577148438	1.0002039239971101	0.0010002039239971102
1372.5325317382812	1.0001916767578376	0.0010001916767578376
1372.5533447265625	1.000147919407704	0.001000147919407704
1372.5741577148438	1.0003127236553804	0.0010003127236553804
1372.5950317382812	1.0000602855609304	0.0010000602855609305
1372.6158447265625	0.9998902492720839	0.000999890249272084
1372.6366577148438	1.0	0.001
1372.6575317382812	0.99980237704035	0.00099980237704035
1372.6783447265625	0.9999306773524218	0.0009999306773524218
1372.6991577148438	1.0001529142349717	0.0010001529142349716
1372.7200317382812	1.000194412894462	0.001000194412894462
1372.7408447265625	1.0002432837455424	0.0010002432837455423
1372.7616577148438	0.9996624226732105	0.0009996624226732106
1372.7825317382812	1.0000299646274706	0.0010000299646274707
1372.8033447265625	0.9998882271300817	0.0009998882271300817
1372.8241577148438	1.0002082067960791	0.0010002082067960792
1372.8450317382812	1.0003305627497874	0.0010003305627497873
1372.8658447265625	1.000158741558754	0.001000158741558754
1372.8866577148438	0.999929844529532	0.0009999298445295321
1372.9075317382812	1.0001130812671428	0.001000113081267143
1372.9283447265625	0.9998611155206141	0.000999861115520614
1372.9491577148438	0.9999612359455035	0.0009999612359455035
1372.9700317382812	0.99981378967151	0.00099981378967151
1372.9908447265625	1.0001048771938001	0.0010001048771938002
1373.0116577148438	1.0000417369119108	0.0010000417369119107
1373.0325317382812	0.9997419680725325	0.0009997419680725325
1373.0533447265625	1.0002180788560777	0.0010002180788560777
1373.0741577148438	0.9995530207308485	0.0009995530207308485
1373.0950317382812	1.0000518444187045	0.0010000518444187045
1373.1158447265625	0.999715330995496	0.000999715330995496
1373.1366577148438	1.0003226015118631	0.0010003226015118632
1373.1575317382812	0.9995301876157884	0.0009995301876157883
1373.1783447265625	0.9995476662718854	0.0009995476662718855
1373.1991577148438	0.9997149720983012	0.0009997149720983012
1373.2200317382812	1.000477187852198	0.001000477187852198
1373.2408447265625	1.0000034484156848	0.0010000034484156848
1373.2616577148438	0.9999247291676973	0.0009999247291676973
1373.2825317382812	1.000116652258547	0.001000116652258547
1373.3033447265625	0.9998787098437426	0.0009998787098437426
1373.3241577148438	0.9997326852456763	0.0009997326852456763
1373.3450317382812	1.0002457920741747	0.0010002457920741748
1373.3658447265625	1.0003031083890153	0.0010003031083890153
1373.3866577148438	0.9998922649184252	0.0009998922649184251
1373.4075317382812	0.9998892918591227	0.0009998892918591227
1373.4283447265625	0.9998958318593026	0.0009998958318593026
1373.4491577148438	1.0003790966488355	0.0010003790966488354
1373.4700317382812	0.9996401668027833	0.0009996401668027834
1373.4908447265625	1.0001160601020092	0.0010001160601020092
1373.5116577148438	1.0003601910951105	0.0010003601910951105
1373.5325317382812	0.9998065262374561	0.0009998065262374562
1373.5533447265625	1.0000162913066377	0.0010000162913066377
1373.5741577148438	1.0001738535653537	0.0010001738535653536
1373.5950317382812	1.00050871855366	0.0010005087185536601
1373.6575317382812	1.0000008324062903	0.0010000008324062904
1373.6783447265625	1.000225344515495	0.001000225344515495
1373.6991577148438	0.999983946417661	0.000999983946417661
1373.7200317382812	0.9998773981825202	0.0009998773981825203
1373.7408447265625	0.9998194863208565	0.0009998194863208565
1373.7616577148438	1.0000376962075712	0.0010000376962075713
1373.7825317382812	0.9997697796008316	0.0009997697796008316
1373.8034057617188	1.0002786190058117	0.0010002786190058117
1373.82421875	0.9999736007694305	0.0009999736007694307
1373.8450317382812	1.0002774296859038	0.0010002774296859038
1373.8659057617188	1.0001001266685599	0.0010001001266685598
1373.88671875	0.9997147225406176	0.0009997147225406175
1373.9075317382812	0.9997385058827852	0.0009997385058827853
1373.9284057617188	0.9998102118623056	0.0009998102118623055
1373.94921875	0.9999196136221614	0.0009999196136221615
1373.9700317382812	0.9983212825720704	0.0009983212825720705
1373.9909057617188	1.000207624874887	0.001000207624874887
1374.01171875	1.000141864887073	0.001000141864887073
1374.0325317382812	0.9997984404643075	0.0009997984404643075
1374.0534057617188	1.0001737332662817	0.0010001737332662817
1374.07421875	0.9999319813719334	0.0009999319813719335
1374.0950317382812	1.0000039241427532	0.0010000039241427532
1374.1159057617188	1.0001385334386426	0.0010001385334386427
1374.13671875	0.9999491055599441	0.000999949105559944
1374.1575317382812	0.9998186597564738	0.0009998186597564738
1374.1784057617188	1.0004015625862106	0.0010004015625862106
1374.19921875	0.9998758575077253	0.0009998758575077253
1374.2200317382812	0.9998190192890716	0.0009998190192890715
1374.2409057617188	0.9998451803096465	0.0009998451803096466
1374.26171875	1.0000910838863568	0.0010000910838863569
1374.2825317382812	1.000088705242349	0.001000088705242349
1374.3034057617188	1.0000394771794554	0.0010000394771794553
1374.32421875	0.9993876312936343	0.0009993876312936344
1374.3450317382812	1.0000344827094183	0.0010000344827094183
1374.3659057617188	0.9998887046782203	0.0009998887046782203
1374.38671875	0.9994679021957863	0.0009994679021957864
1374.4075317382812	1.000068726405767	0.0010000687264057671
1374.4284057617188	0.9997367484846986	0.0009997367484846987
1374.44921875	1.0001210426600469	0.0010001210426600468
1374.4700317382812	0.9997973914385517	0.0009997973914385517
1374.4909057617188	0.9996315256609263	0.0009996315256609262
1374.51171875	0.999752687208055	0.000999752687208055
1374.5325317382812	0.999789547477138	0.0009997895474771381
1374.5534057617188	0.9998624333880944	0.0009998624333880945
1374.57421875	0.9998405563525096	0.0009998405563525095
1374.5950317382812	0.9999692052261228	0.0009999692052261228
1374.6159057617188	0.9997299817300717	0.0009997299817300718
1374.63671875	0.9997215409699196	0.0009997215409699195
1374.6575317382812	1.0002103294967917	0.0010002103294967917
1374.6784057617188	0.9996820697567964	0.0009996820697567965
1374.69921875	0.9996833792788086	0.0009996833792788086
1374.7200317382812	0.9998762296483377	0.0009998762296483377
1374.7409057617188	1.0000627765721162	0.0010000627765721162
1374.76171875	0.9999801446775312	0.0009999801446775312
1374.7825317382812	1.0001281669604123	0.0010001281669604124
1374.8034057617188	0.9994710480548502	0.0009994710480548503
1374.82421875	0.999720129534609	0.000999720129534609
1374.8450317382812	0.9999491148601253	0.0009999491148601253
1374.8659057617188	0.9997113360977539	0.000999711336097754
1374.88671875	1.0003887656938886	0.0010003887656938886
1374.9075317382812	0.9999349685126336	0.0009999349685126337
1374.9284057617188	0.9997657936516051	0.000999765793651605
1374.94921875	1.0000345956464411	0.0010000345956464411
1374.9700317382812	0.9997663924720598	0.0009997663924720599
1374.9909057617188	1.0002199331997488	0.0010002199331997487
1375.01171875	0.9999976223751617	0.0009999976223751617
1375.0325317382812	1.0001822425823523	0.0010001822425823523
1375.0534057617188	0.9996579876526053	0.0009996579876526052
1375.07421875	0.9999888256016403	0.0009999888256016403
1375.0950317382812	0.9997904231834992	0.0009997904231834993
1375.1159057617188	1.0	0.001
1375.13671875	1.000207907572543	0.001000207907572543
1375.1575317382812	1.00011471034805	0.0010001147103480502
1375.1784057617188	1.0000506383583188	0.0010000506383583188
1375.19921875	0.9997235125695394	0.0009997235125695394
1375.2200317382812	1.0000413657201563	0.0010000413657201563
1375.2409057617188	1.000145610687658	0.001000145610687658
1375.26171875	0.9997087813593444	0.0009997087813593444
1375.2825317382812	1.0001941043853684	0.0010001941043853684
1375.3034057617188	0.9998587913106733	0.0009998587913106734
1375.32421875	0.9999554269686333	0.0009999554269686333
1375.3450317382812	1.0001167208986985	0.0010001167208986985
1375.3659057617188	1.000078209408663	0.001000078209408663
1375.38671875	0.9998461975493826	0.0009998461975493826
1375.4075317382812	1.0001365667847235	0.0010001365667847235
1375.4284057617188	1.0004283578099886	0.0010004283578099887
1375.44921875	0.9998007981623036	0.0009998007981623035
1375.4700317382812	1.0000178282144567	0.0010000178282144568
1375.4909057617188	1.0004117104035677	0.0010004117104035677
1375.51171875	1.0003463386631137	0.0010003463386631137
1375.5325317382812	1.0000237705316481	0.001000023770531648
1375.5534057617188	1.000105184002476	0.001000105184002476
1375.57421875	1.0004068279589573	0.0010004068279589574
1375.5950317382812	1.0002079886169613	0.0010002079886169612
1375.6159057617188	1.00004635151204	0.0010000463515120398
1375.63671875	1.0004858565586952	0.0010004858565586952
1375.6575317382812	1.000058711315156	0.001000058711315156
1375.6784057617188	1.00083704646544	0.0010008370464654399
1375.69921875	1.0004381933976723	0.0010004381933976722
1375.7200317382812	1.0001766075356273	0.0010001766075356272
1375.7409057617188	1.0002552833127787	0.0010002552833127786
1375.76171875	1.0002662160642855	0.0010002662160642855
1375.7825317382812	0.9999127670735872	0.0009999127670735873
1375.8034057617188	0.9999294057916724	0.0009999294057916725
1375.82421875	0.9999315452541727	0.0009999315452541727
1375.8450317382812	0.9998641605496328	0.0009998641605496329
1375.8659057617188	0.9987586671484566	0.0009987586671484567
1375.88671875	1.0000477754070982	0.0010000477754070983
1375.9075317382812	1.0000878256948749	0.0010000878256948749
1375.9284057617188	1.0000791498403931	0.0010000791498403932
1375.94921875	1.0004870197587648	0.0010004870197587647
1375.9700317382812	1.0002181957163285	0.0010002181957163285
1375.9909057617188	1.0001394024377244	0.0010001394024377244
1376.01171875	0.9999263177009602	0.0009999263177009603
1376.0325317382812	0.9998875753399717	0.0009998875753399717
1376.0534057617188	1.0002184312996127	0.0010002184312996128
1376.07421875	1.0004533797289943	0.0010004533797289942
1376.0950317382812	1.0000690465175064	0.0010000690465175063
1376.1575317382812	0.9999815797601732	0.0009999815797601733
1376.1784057617188	0.9997101499566948	0.0009997101499566949
1376.19921875	0.9997017140036244	0.0009997017140036244
1376.2200317382812	1.000293649633562	0.001000293649633562
1376.2409057617188	1.0001123015604687	0.0010001123015604687
1376.26171875	0.999901008901118	0.000999901008901118
1376.2825317382812	0.9998076043918487	0.0009998076043918488
1376.3034057617188	1.0001754008819241	0.001000175400881924
1376.32421875	1.000201067846138	0.001000201067846138
1376.3450317382812	1.0000579907856444	0.0010000579907856444
1376.3659057617188	0.9997779016278896	0.0009997779016278896
1376.38671875	1.000087222601824	0.001000087222601824
1376.4075317382812	1.0001572133663446	0.0010001572133663446
1376.4284057617188	0.999891270494175	0.000999891270494175
1376.44921875	1.0000951821436872	0.0010000951821436872
1376.4700317382812	0.9996897396510468	0.0009996897396510468
1376.4909057617188	0.9998549120126318	0.0009998549120126318
1376.51171875	0.9998784407621515	0.0009998784407621514
1376.5325317382812	1.0003160752297071	0.0010003160752297072
1376.5534057617188	0.999812138469039	0.000999812138469039
1376.57421875	1.0000427765548832	0.0010000427765548831
1376.5950317382812	0.9996221426767864	0.0009996221426767863
1376.6159057617188	0.9995527524025893	0.0009995527524025894
1376.63671875	1.0000686790499667	0.0010000686790499667
1376.6575317382812	1.0002008081279525	0.0010002008081279525
1376.6784057617188	0.9998558701828797	0.0009998558701828798
1376.69921875	0.99996886902104	0.00099996886902104
1376.7200317382812	0.9999244303940955	0.0009999244303940955
1376.7409057617188	1.000128800597901	0.001000128800597901
1376.76171875	1.0000128324953002	0.0010000128324953001
1376.7825317382812	0.9998066813859721	0.0009998066813859722
1376.8034057617188	1.0003222362626296	0.0010003222362626296
1376.82421875	1.0001392550141905	0.0010001392550141905
1376.8450317382812	0.9997768597898846	0.0009997768597898847
1376.8659057617188	0.9999878805910279	0.000999987880591028
1376.88671875	0.9997074714315317	0.0009997074714315317
1376.9075317382812	0.9997635536063184	0.0009997635536063184
1376.9284057617188	1.0001718095057945	0.0010001718095057946
1376.94921875	0.9998077542981113	0.0009998077542981113
1376.9700317382812	0.9997068791901453	0.0009997068791901453
1376.9909057617188	1.0000032080460648	0.0010000032080460647
1377.01171875	0.999598044378372	0.000999598044378372
1377.0325317382812	1.0003311405421296	0.0010003311405421295
1377.0534057617188	0.9991240275908209	0.0009991240275908208
1377.07421875	0.9997068811404807	0.0009997068811404806
1377.0950317382812	0.9993872673514016	0.0009993872673514017
1377.1159057617188	0.9999978613209195	0.0009999978613209196
1377.13671875	0.9996919120558032	0.0009996919120558033
1377.1575317382812	0.9997640334454669	0.0009997640334454669
1377.1784057617188	1.0000194856130826	0.0010000194856130827
1377.19921875	0.9994311163664067	0.0009994311163664068
1377.2200317382812	1.0001404384245232	0.001000140438424523
1377.2409057617188	1.0003350555027757	0.0010003350555027758
1377.26171875	0.9999845542028074	0.0009999845542028073
1377.2825317382812	1.0001790521783236	0.0010001790521783236
1377.3034057617188	1.0002369140624536	0.0010002369140624536
1377.32421875	1.0002504584411267	0.0010002504584411267
1377.3450317382812	1.0000268517680226	0.0010000268517680226
1377.3659057617188	1.0001846353671304	0.0010001846353671305
1377.38671875	0.9998454244631173	0.0009998454244631173
1377.4075317382812	1.0002826555698712	0.0010002826555698713
1377.4284057617188	1.0000092673880259	0.0010000092673880258
1377.44921875	0.9999929900584772	0.0009999929900584772
1377.4700317382812	1.000036356624266	0.001000036356624266
1377.4909057617188	0.9998634845213547	0.0009998634845213546
1377.51171875	1.0001914067289623	0.0010001914067289625
1377.5325317382812	1.000042772422908	0.001000042772422908
1377.5534057617188	0.9999499800633126	0.0009999499800633126
1377.57421875	1.0001236834573197	0.0010001236834573197
1377.5950317382812	1.0000150891369977	0.0010000150891369976
1377.6159057617188	1.0000779407206166	0.0010000779407206167
1377.63671875	1.0003324360648695	0.0010003324360648696
1377.6575317382812	0.9998946137528696	0.0009998946137528696
1377.6784057617188	1.0004317627695265	0.0010004317627695266
1377.69921875	1.0000223366540095	0.0010000223366540095
1377.7200317382812	1.0000287525048541	0.0010000287525048542
1377.7409057617188	0.9999978613839364	0.0009999978613839365
1377.76171875	1.0003178221094406	0.0010003178221094408
1377.7825317382812	1.0001492278764326	0.0010001492278764327
1377.8034057617188	0.9999516435145637	0.0009999516435145637
1377.82421875	1.0002535448456555	0.0010002535448456556
1377.8450317382812	0.9999985742557883	0.0009999985742557883
1377.8659057617188	0.9999253860529186	0.0009999253860529186
1377.88671875	1.0005243174338696	0.0010005243174338696
1377.9075317382812	0.9997784155870911	0.0009997784155870912
1377.9284057617188	1.0001147724090456	0.0010001147724090457
1377.94921875	1.000405030216276	0.0010004050302162759
1377.9700317382812	1.000245346845588	0.0010002453468455881
1377.9909057617188	0.9999818217548209	0.000999981821754821
1378.01171875	0.9998984156524965	0.0009998984156524965
1378.0325317382812	0.9958143076994181	0.000995814307699418
1378.0534057617188	1.0002552085171208	0.001000255208517121
1378.07421875	0.9999427325258461	0.0009999427325258462
1378.0950317382812	1.0002281195617395	0.0010002281195617396
1378.1159057617188	1.000069030003695	0.001000069030003695
1378.13671875	1.0002991698689605	0.0010002991698689605
1378.1575317382812	1.000396596446838	0.001000396596446838
1378.1784057617188	1.00047216165085	0.0010004721616508501
1378.19921875	0.9998994843045811	0.000999899484304581
1378.2200317382812	1.0003381420153692	0.0010003381420153692
1378.2409057617188	1.0000512085332665	0.0010000512085332665
1378.26171875	0.9999792076375219	0.000999979207637522
1378.2825317382812	1.0002322808338253	0.0010002322808338254
1378.3034057617188	1.0002963220657284	0.0010002963220657284
1378.32421875	0.9998981762015089	0.0009998981762015088
1378.3450317382812	1.0003082048186172	0.0010003082048186172
1378.3659057617188	0.999982415416072	0.000999982415416072
1378.38671875	1.0001286766562367	0.0010001286766562368
1378.4075927734375	1.000329474728409	0.001000329474728409
1378.4284057617188	1.0000624969553527	0.0010000624969553526
1378.4492797851562	0.999692742411801	0.000999692742411801
1378.4700927734375	0.999722445728397	0.000999722445728397
1378.4909057617188	1.0002509400747497	0.0010002509400747497
1378.5117797851562	1.0000936275074765	0.0010000936275074766
1378.5325927734375	0.9996940465861897	0.0009996940465861897
1378.5534057617188	1.000217554083755	0.001000217554083755
1378.5742797851562	0.9996863220740384	0.0009996863220740385
1378.5950927734375	0.9985362869312451	0.000998536286931245
1378.6575927734375	0.9999113619696749	0.000999911361969675
1378.6784057617188	0.9998081088335405	0.0009998081088335405
1378.6992797851562	0.999862646029193	0.000999862646029193
1378.7200927734375	0.9998198710937662	0.0009998198710937662
1378.7409057617188	0.9998405451028632	0.0009998405451028633
1378.7617797851562	0.9999819394853942	0.0009999819394853943
1378.7825927734375	1.0000711728972658	0.001000071172897266
1378.8034057617188	0.9997022374491183	0.0009997022374491184
1378.8242797851562	0.9998941312093352	0.0009998941312093352
1378.8450927734375	0.999665876668567	0.000999665876668567
1378.8659057617188	1.000264020034154	0.0010002640200341539
1378.8867797851562	1.0002388308268573	0.0010002388308268573
1378.9075927734375	0.9999323903871725	0.0009999323903871725
1378.9284057617188	1.0001671831083985	0.0010001671831083984
1378.9492797851562	0.9999966729567588	0.0009999966729567589
1378.9700927734375	0.9998859294038469	0.000999885929403847
1378.9909057617188	0.9997120889945632	0.0009997120889945633
1379.0117797851562	0.9998911564367184	0.0009998911564367185
1379.0325927734375	0.9997583088176406	0.0009997583088176406
1379.0534057617188	1.0000818713144541	0.001000081871314454
1379.0742797851562	1.0001067066685965	0.0010001067066685964
1379.0950927734375	0.9998484945707584	0.0009998484945707585
1379.1159057617188	1.0002949324263706	0.0010002949324263706
1379.1367797851562	1.0000988659881038	0.0010000988659881038
1379.1575927734375	1.0000740311544012	0.0010000740311544012
1379.1784057617188	1.0001379625533269	0.0010001379625533269
1379.1992797851562	0.9996221158706818	0.000999622115870682
1379.2200927734375	1.0000735571276262	0.0010000735571276263
1379.2409057617188	1.000233506647156	0.001000233506647156
1379.2617797851562	0.9998716597366886	0.0009998716597366885
1379.2825927734375	0.9999833631983728	0.0009999833631983727
1379.3034057617188	0.9999417708483239	0.000999941770848324
1379.3242797851562	0.999683184036088	0.0009996831840360881
1379.3450927734375	1.0000547835355156	0.0010000547835355156
1379.3659057617188	0.9994594112181263	0.0009994594112181262
1379.3867797851562	0.9994273227534807	0.0009994273227534806
1379.4075927734375	0.999856324963698	0.000999856324963698
1379.4284057617188	1.0001719591747291	0.0010001719591747292
1379.4492797851562	0.9999598324705039	0.000999959832470504
1379.4700927734375	0.9999561482839243	0.0009999561482839244
1379.4909057617188	0.99971799327676	0.0009997179932767601
1379.5117797851562	0.9997866820176388	0.0009997866820176389
1379.5325927734375	0.9997264292733512	0.0009997264292733513
1379.5534057617188	0.9994155406991289	0.000999415540699129
1379.5742797851562	1.00021854899865	0.00100021854899865
1379.5950927734375	0.9997110960736875	0.0009997110960736875
1379.6159057617188	0.9998173398984804	0.0009998173398984805
1379.6367797851562	0.9997558978188745	0.0009997558978188745
1379.6575927734375	1.0003473770890607	0.0010003473770890607
1379.6784057617188	1.0003113685778002	0.0010003113685778003
1379.6992797851562	1.0004073948100183	0.0010004073948100183
1379.7200927734375	1.0002558702798292	0.0010002558702798291
1379.7409057617188	1.0000501521380558	0.0010000501521380558
1379.7617797851562	0.9999721904578093	0.0009999721904578093
1379.7825927734375	0.9999126492761478	0.0009999126492761478
1379.8034057617188	1.000272154667518	0.001000272154667518
1379.8242797851562	1.0001745835368556	0.0010001745835368557
1379.8450927734375	1.0002639557229427	0.0010002639557229428
1379.8659057617188	1.000173514817155	0.001000173514817155
1379.8867797851562	0.9998582166145883	0.0009998582166145884
1379.9075927734375	0.9998775882363008	0.0009998775882363007
1379.9284057617188	0.9998386062424919	0.0009998386062424918
1379.9492797851562	1.000248271340966	0.001000248271340966
1379.9700927734375	1.0002928396544826	0.0010002928396544825
1379.9909057617188	1.00007178392563	0.0010000717839256299
1380.0117797851562	1.0000216303354283	0.0010000216303354284
1380.0325927734375	0.9997333040807684	0.0009997333040807684
1380.0534057617188	0.9996411952536038	0.0009996411952536038
1380.0742797851562	0.9998288569929032	0.0009998288569929032
1380.0950927734375	0.9998412166795698	0.00099984121667957
1380.1159057617188	0.9995658396504278	0.0009995658396504277
1380.1367797851562	1.000098765115163	0.001000098765115163
1380.1575927734375	0.9997738255418828	0.0009997738255418827
1380.1784057617188	1.0000141434041343	0.0010000141434041343
1380.1992797851562	0.9996811179768403	0.0009996811179768404
1380.2200927734375	1.0003657118896299	0.00100036571188963
1380.2409057617188	1.000188383567961	0.001000188383567961
1380.2617797851562	0.9999732577100993	0.0009999732577100993
1380.2825927734375	1.0001959924360468	0.001000195992436047
1380.3034057617188	0.9997988956375329	0.000999798895637533
1380.3242797851562	0.9997790454239345	0.0009997790454239345
1380.3450927734375	0.9997610967300323	0.0009997610967300325
1380.3659057617188	1.0002379537121788	0.0010002379537121788
1380.3867797851562	1.0000585972925435	0.0010000585972925436
1380.4075927734375	0.9999366480469769	0.0009999366480469769
1380.4284057617188	1.0001185031847286	0.0010001185031847286
1380.4492797851562	1.0002834815143309	0.0010002834815143308
1380.4700927734375	1.0001259922184353	0.0010001259922184354
1380.4909057617188	1.0001685448482032	0.0010001685448482033
1380.5117797851562	1.0001976664659493	0.0010001976664659492
1380.5325927734375	0.9997793924496591	0.000999779392449659
1380.5534057617188	1.0001944585956524	0.0010001944585956524
1380.5742797851562	0.9998472615360331	0.0009998472615360332
1380.5950927734375	1.0001665270224862	0.0010001665270224862
1380.6159057617188	0.9999765839251142	0.0009999765839251143
1380.6367797851562	0.9999872815910421	0.000999987281591042
1380.6575927734375	1.0001883993767249	0.001000188399376725
1380.6784057617188	1.0001500067455489	0.001000150006745549
1380.6992797851562	0.9999826457607516	0.0009999826457607517
1380.7200927734375	1.0001219554377683	0.0010001219554377683
1380.7409057617188	0.999862948355303	0.000999862948355303
1380.7617797851562	0.9998465444204574	0.0009998465444204575
1380.7825927734375	0.9999811002843872	0.0009999811002843872
1380.8034057617188	1.0000262695409428	0.0010000262695409427
1380.8242797851562	1.0000678732897208	0.0010000678732897208
1380.8450927734375	1.0001585700452864	0.0010001585700452865
1380.8659057617188	1.000013313306317	0.001000013313306317
1380.8867797851562	1.0002177689476222	0.0010002177689476222
1380.9075927734375	1.0002283496914604	0.0010002283496914604
1380.9284057617188	0.9999033578568219	0.000999903357856822
1380.9492797851562	1.0002112352674695	0.0010002112352674696
1380.9700927734375	1.000210166744964	0.001000210166744964
1380.9909057617188	0.9998402342470254	0.0009998402342470253
1381.0117797851562	1.0002598587015339	0.001000259858701534
1381.0325927734375	1.0002186107530338	0.0010002186107530339
1381.0534057617188	0.9998347630097383	0.0009998347630097383
1381.0742797851562	1.0003147843934939	0.001000314784393494
1381.0950927734375	1.0001797420701293	0.0010001797420701292
1381.1575927734375	0.999787446479725	0.000999787446479725
1381.1784057617188	1.000153591058813	0.0010001535910588132
1381.1992797851562	0.9999478120095859	0.000999947812009586
1381.2200927734375	0.9996312345084613	0.0009996312345084612
1381.2409057617188	1.000024251620549	0.001000024251620549
1381.2617797851562	1.0001976991527706	0.0010001976991527706
1381.2825927734375	1.0000832170474163	0.0010000832170474164
1381.3034057617188	0.999983950948392	0.000999983950948392
1381.3242797851562	0.9998269074096111	0.000999826907409611
1381.3450927734375	1.0003161089426258	0.0010003161089426258
1381.3659057617188	0.9999593420110796	0.0009999593420110795
1381.3867797851562	0.9996904276520864	0.0009996904276520864
1381.4075927734375	1.0001778500167984	0.0010001778500167984
1381.4284057617188	1.0000040420549665	0.0010000040420549666
1381.4492797851562	1.0000247279274121	0.001000024727927412
1381.4700927734375	0.9999859716215415	0.0009999859716215416
1381.4909057617188	0.9998950246686085	0.0009998950246686085
